# Created by Octave 3.0.5, Wed Oct 19 09:33:13 2011 PDT <jlischner@EikeImmel>
# name: spec
# type: matrix
# rows: 81
# columns: 10
 0 0 0 0 0 0 -0.699954530641878 -1.574444778460887 0.02253737710646972 0.02253737710646972
 0 0 0 0 0 0 -0.6882886217978467 -1.575555904412523 0.02218166051690384 0.02218166051690384
 0 0 0 0 0 0 -0.6766227129538153 -1.576613943542956 0.02182755837960292 0.02182755837960292
 0 0 0 0 0 0 -0.6649568041097842 -1.579375192495773 0.02147587166258867 0.02147587166258867
 0 0 0 0 0 0 -0.6532908952657528 -1.581112716177856 0.02112613907613109 0.02112613907613109
 0 0 0 0 0 0 -0.6416249864217216 -1.583136271402967 0.02077890694888446 0.02077890694888446
 0 0 0 0 0 0 -0.6299590775776902 -1.585835168280964 0.02043626775709989 0.02043626775709989
 0 0 0 0 0 0 -0.6182931687336588 -1.588193035819401 0.02010399506582889 0.02010399506582889
 0 0 0 0 0 0 -0.6066272598896275 -1.589123995368242 0.01977181954188389 0.01977181954188389
 0 0 0 0 0 0 -0.5949613510455961 -1.591568322530375 0.01944018829513657 0.01944018829513657
 0 0 0 0 0 0 -0.583295442201565 -1.5912049609305 0.01911269641935455 0.01911269641935455
 0 0 0 0 0 0 -0.5716295333575337 -1.593743849049327 0.01880005954570279 0.01880005954570279
 0 0 0 0 0 0 -0.5599636245135025 -1.597156179128643 0.01848464421530747 0.01848464421530747
 0 0 0 0 0 0 -0.5482977156694711 -1.597927427932345 0.01817399700970387 0.01817399700970387
 0 0 0 0 0 0 -0.5366318068254397 -1.600418325867037 0.0178798862284662 0.0178798862284662
 0 0 0 0 0 0 -0.5249658979814084 -1.603116106569597 0.01758344455756687 0.01758344455756687
 0 0 0 0 0 0 -0.5132999891373773 -1.604001085936814 0.01730297757423272 0.01730297757423272
 0 0 0 0 0 0 -0.5016340802933459 -1.606435700107916 0.0170260957382992 0.0170260957382992
 0 0 0 0 0 0 -0.4899681714493145 -1.608078939171139 0.01676446384464719 0.01676446384464719
 0 0 0 0 0 0 -0.4783022626052833 -1.609130307510872 0.01650989652609322 0.01650989652609322
 0 0 0 0 0 0 -0.4666363537612519 -1.612376042977907 0.01627455825428885 0.01627455825428885
 0 0 0 0 0 0 -0.4549704449172208 -1.613865300666309 0.01604848858595978 0.01604848858595978
 0 0 0 0 0 0 -0.4433045360731894 -1.615026877913684 0.01584539392122052 0.01584539392122052
 0 0 0 0 0 0 -0.4316386272291582 -1.616962275213251 0.0156633474916406 0.0156633474916406
 0 0 0 0 0 0 -0.4199727183851268 -1.618661653851139 0.01550399514795325 0.01550399514795325
 0 0 0 0 0 0 -0.4083068095410954 -1.62085957694654 0.01537176708650699 0.01537176708650699
 0 0 0 0 0 0 -0.3966409006970641 -1.622839524694499 0.01527885579514794 0.01527885579514794
 0 0 0 0 0 0 -0.3849749918530327 -1.624467998333627 0.01523282510476515 0.01523282510476515
 0 0 0 0 0 0 -0.3733090830090017 -1.625329819235791 0.01524711490152206 0.01524711490152206
 0 0 0 0 0 0 -0.3616431741649703 -1.627496210227739 0.01532619773497726 0.01532619773497726
 0 0 0 0 0 0 -0.349977265320939 -1.628894235968163 0.01548175794491514 0.01548175794491514
 0 0 0 0 0 0 -0.3383113564769076 -1.629954005457422 0.0155187447801752 0.0155187447801752
 0 0 0 0 0 0 -0.3266454476328763 -1.631545952167078 0.01541502730381507 0.01541502730381507
 0 0 0 0 0 0 -0.3149795387888452 -1.631865939998575 0.01533158607786835 0.01533158607786835
 0 0 0 0 0 0 -0.3033136299448139 -1.631938685019754 0.01507297448270089 0.01507297448270089
 0 0 0 0 0 0 -0.2916477211007825 -1.631815209074612 0.01467388338422504 0.01467388338422504
 0 0 0 0 0 0 -0.2799818122567512 -1.633018621425455 0.01354593282899349 0.01354593282899349
 0 0 0 0 0 0 -0.2683159034127199 -1.633643353928232 0.01299081114674275 0.01299081114674275
 0 0 0 0 0 0 -0.2566499945686886 -1.633922737676199 0.01221998644808986 0.01221998644808986
 0 0 0 0 0 0 -0.2449840857246573 -1.635761348797043 0.0115947300922787 0.0115947300922787
 0 0 0 0 0 0 -0.233318176880626 -1.636953662792194 0.0105009509940346 0.0105009509940346
 0 0 0 0 0 0 -0.2216522680365946 -1.638834764654421 0.009490609318177384 0.009490609318177384
 0 0 0 0 0 0 -0.2099863591925634 -1.64021343010953 0.008403356167401906 0.008403356167401906
 0 0 0 0 0 0 -0.1983204503485321 -1.642841911911383 0.006962220688216432 0.006962220688216432
 0 0 0 0 0 0 -0.1866545415045008 -1.648791587854297 0.005635539872380978 0.005635539872380978
 0 0 0 0 0 0 -0.1749886326604695 -1.658088333514145 0.00920138653822117 0.00920138653822117
 0 0 0 0 0 0 -0.1633227238164381 -1.661773023460008 0.0199379717024304 0.0199379717024304
 0 0 0 0 0 0 -0.1516568149724069 -1.661449970050791 0.02993197002524491 0.02993197002524491
 0 0 0 0 0 0 -0.1399909061283755 -1.657284774336048 0.04281024869644802 0.04281024869644802
 0 0 0 0 0 0 -0.1283249972843443 -1.650003043836249 0.06411887499021596 0.06411887499021596
 0 0 0 0 0 0 -0.116659088440313 -1.558873154569483 0.03033724214679361 0.03033724214679361
 0 0 0 0 0 0 -0.1049931795962816 -1.595586851191288 0.006105271428011037 0.006105271428011037
 0 0 0 0 0 0 -0.09332727075225038 -1.607371244726417 0.002055234161927258 0.002055234161927258
 0 0 0 0 0 0 -0.08166136190821903 -1.621679437313388 0.002110644595022191 0.002110644595022191
 0 0 0 0 0 0 -0.06999545306418774 -1.628329621963977 0.00165378601293019 0.00165378601293019
 0 0 0 0 0 0 -0.05832954422015652 -1.633296253483622 0.001138002953271157 0.001138002953271157
 0 0 0 0 0 0 -0.04666363537612513 -1.636389803654689 0.0007118941851562962 0.0007118941851562962
 0 0 0 0 0 0 -0.03499772653209387 -1.640350430190985 0.0003927028918213974 0.0003927028918213974
 0 0 0 0 0 0 -0.02333181768806252 -1.643142715765666 0.0001744742150147234 0.0001744742150147234
 0 0 0 0 0 0 -0.01166590884403126 -1.645928753736245 4.691693129089244e-05 4.691693129089244e-05
 0 0 0 0 0 0 0 -1.648720984010267 0 0
 0 0 0 0 0 0 0.01166590884403136 -1.65088093579735 4.504345498580997e-05 4.504345498580997e-05
 0 0 0 0 0 0 0.02333181768806263 -1.653590194432357 0.0001570468225011141 0.0001570468225011141
 0 0 0 0 0 0 0.03499772653209399 -1.654988904833857 0.0003294238545800559 0.0003294238545800559
 0 0 0 0 0 0 0.04666363537612524 -1.657823498308542 0.0005565691055742999 0.0005565691055742999
 0 0 0 0 0 0 0.05832954422015652 -1.659579042910393 0.0008329381273422357 0.0008329381273422357
 0 0 0 0 0 0 0.06999545306418785 -1.662345647111607 0.001151629513753797 0.001151629513753797
 0 0 0 0 0 0 0.08166136190821911 -1.664663307596175 0.001497475334350265 0.001497475334350265
 0 0 0 0 0 0 0.09332727075225049 -1.666604266377866 0.00180389130031202 0.00180389130031202
 0 0 0 0 0 0 0.1049931795962818 -1.67027083675392 0.002029473196372891 0.002029473196372891
 0 0 0 0 0 0 0.116659088440313 -1.674120125854691 0.002614635244137397 0.002614635244137397
 0 0 0 0 0 0 0.1283249972843444 -1.67490399629726 0.008514287592716137 0.008514287592716137
 0 0 0 0 0 0 0.1399909061283756 -1.674690036131051 0.01054462866954041 0.01054462866954041
 0 0 0 0 0 0 0.151656814972407 -1.674851174034827 0.01109774442942867 0.01109774442942867
 0 0 0 0 0 0 0.1633227238164382 -1.675524479785361 0.01119793152005044 0.01119793152005044
 0 0 0 0 0 0 0.1749886326604695 -1.677166894226254 0.01107841336042544 0.01107841336042544
 0 0 0 0 0 0 0.1866545415045009 -1.678531596810622 0.0109464692989803 0.0109464692989803
 0 0 0 0 0 0 0.1983204503485321 -1.680567876095062 0.01087551099116731 0.01087551099116731
 0 0 0 0 0 0 0.2099863591925635 -1.681049585955799 0.01089224196843295 0.01089224196843295
 0 0 0 0 0 0 0.2216522680365947 -1.683641056981012 0.01097671443984899 0.01097671443984899
 0 0 0 0 0 0 0.233318176880626 -1.685754606274015 0.01112048563768889 0.01112048563768889
